3 44 6385 11017 0 6385 1586 7971 0 
4 56 22160 23653 15049 22160 0 7111 0 
18 56 13026 23653 0 13026 6988 20014 0 
6 50 4517 19159 0 4517 13763 18280 0 
6 45 4517 3194 0 1768 1426 3194 0 
45 50 3194 19159 0 3194 12337 15531 0 
9 19 22612 11616 318 11934 0 11616 0 
15 31 21488 10600 731 11331 0 10600 0 
9 35 22612 2987 4663 7650 0 2987 0 
10 29 32651 12060 16802 28862 0 12060 0 
11 33 5309 9761 0 5309 1176 6485 0 
14 37 15304 2343 7283 9626 0 2343 0 
16 20 13681 19920 9183 13681 0 4498 0 
21 54 1944 19249 1112 1944 0 832 0 
26 50 1007 19159 0 1007 7572 8579 0 
32 62 7947 32984 0 3890 29094 32984 0 
36 54 15659 19249 0 11581 7668 19249 0 
55 59 1399 18907 0 1399 15606 17005 0 
